         0         28
         0         34
         0         47
         0         77
         0         98
         0        171
         0        176
         1         10
         1        128
         1        136
         1        176
         1        186
         1        206
         1        242
         2         17
         2         56
         2         57
         2        166
         2        174
         2        176
         2        245
         3         14
         3         36
         3         64
         3         66
         3        112
         3        129
         3        161
         4          5
         4         75
         4        175
         4        197
         4        217
         4        226
         5         46
         5        136
         5        191
         5        208
         5        215
         6         57
         6         94
         6        123
         7         34
         7         41
         7         68
         7        112
         7        121
         7        202
         7        207
         7        214
         7        247
         8         35
         8         48
         8         54
         8         60
         8         77
         8         78
         8        102
         8        113
         8        169
         9         22
         9         54
         9        115
         9        142
         9        148
         9        228
         9        252
        10         67
        10         74
        10        138
        10        216
        10        224
        10        240
        11         41
        11        109
        11        147
        12         37
        12         46
        12         77
        12        126
        12        153
        12        186
        12        199
        12        206
        12        249
        12        338
        13         81
        13        127
        13        135
        13        146
        13        160
        13        177
        13        248
        14         46
        14         58
        14         74
        14         81
        14         94
        14        132
        14        233
        14        236
        14        249
        15         29
        15         50
        15         51
        15         66
        15        130
        15        142
        15        203
        15        451
        16         35
        16         99
        16        105
        16        106
        16        218
        16        228
        16        242
        17         25
        17         36
        17         62
        17         81
        17         85
        17        107
        17        141
        17        225
        17        237
        17        489
        18         28
        18         48
        18         75
        18        119
        18        124
        18        136
        18        225
        19         33
        19         88
        19        112
        19        146
        19        150
        19        182
        19        218
        19        222
        19        227
        20        105
        20        188
        20        195
        20        234
        21         44
        21         63
        21         76
        21        242
        22         85
        22        159
        22        178
        22        187
        22        191
        22        212
        23         43
        23         81
        23        114
        23        119
        23        244
        24         37
        24         38
        24         46
        24         62
        24         68
        24        144
        24        169
        24        172
        24        196
        24        221
        24        226
        24        227
        24        250
        25         27
        25         61
        25         73
        25        110
        25        173
        25        238
        26        100
        26        165
        26        167
        26        171
        26        178
        26        183
        26        236
        26        240
        26        248
        26        252
        27         39
        27         99
        27        128
        27        151
        27        154
        27        194
        27        221
        27        243
        28         29
        28         75
        28        158
        28        163
        28        181
        28        195
        28        216
        29         80
        29        136
        29        146
        29        178
        29        225
        29        237
        30         50
        30         70
        30         84
        30         93
        30        135
        30        157
        30        240
        30        451
        31         32
        31         38
        31         52
        31         79
        31        113
        31        137
        31        138
        31        153
        31        171
        31        214
        31        219
        32         42
        32         50
        32         54
        32        137
        32        139
        32        144
        32        238
        33         42
        33         48
        33         65
        33         84
        33        130
        33        133
        33        188
        33        190
        34         43
        34         55
        34         73
        34        128
        34        132
        35         66
        35         92
        35        101
        35        128
        35        130
        35        225
        35        251
        36         57
        36         63
        36         71
        36         76
        36         85
        36        132
        36        133
        36        148
        36        154
        36        239
        36        251
        38         48
        38         64
        38        105
        38        113
        38        118
        38        150
        38        186
        38        202
        38        207
        38        230
        38        238
        39         63
        39         69
        39         73
        39         97
        39        118
        39        126
        39        136
        39        140
        39        147
        39        194
        39        197
        39        214
        39        219
        40         92
        40        112
        40        165
        40        189
        40        217
        40        226
        40        468
        41         55
        41        202
        42         62
        42         82
        42         88
        42        138
        42        161
        42        182
        43         45
        43         59
        43         75
        43        126
        43        128
        43        161
        43        209
        44         76
        44        127
        44        134
        44        137
        44        201
        44        215
        45         50
        45         76
        45         99
        45        118
        45        222
        45        240
        46         55
        46         77
        46         81
        46         92
        46        136
        46        146
        46        187
        46        254
        47        108
        47        141
        47        161
        47        190
        47        192
        47        193
        47        218
        47        239
        48         81
        48         97
        48        100
        48        109
        48        124
        48        137
        48        144
        48        276
        49         74
        49         96
        49        180
        49        206
        50         56
        50        115
        50        157
        50        166
        50        217
        51         75
        51         95
        51        115
        51        182
        52        127
        52        159
        52        182
        52        253
        53        106
        53        137
        53        156
        53        220
        53        251
        54         89
        54        128
        54        130
        54        187
        54        196
        55         60
        55         62
        55         76
        55        103
        55        108
        55        153
        55        156
        55        235
        55        248
        56        102
        56        130
        56        146
        56        171
        56        215
        56        219
        56        222
        56        223
        56        226
        56        251
        57        133
        57        153
        57        161
        57        240
        58         81
        58        129
        58        134
        58        139
        58        164
        58        169
        58        182
        58        211
        58        216
        58        222
        58        246
        59         82
        59         90
        59        152
        59        211
        59        226
        60         83
        60        115
        60        150
        60        211
        60        215
        60        235
        61        142
        61        144
        61        152
        61        156
        61        171
        61        172
        61        202
        61        212
        61        217
        61        234
        61        238
        62         85
        62         95
        62        113
        62        164
        62        232
        62        238
        63         88
        63        146
        63        209
        63        217
        63        224
        63        230
        64        136
        64        151
        64        160
        64        170
        64        180
        64        184
        64        227
        64        229
        65         80
        65        121
        65        222
        66         72
        66        118
        66        184
        66        201
        66        251
        67        100
        67        105
        67        130
        67        194
        67        224
        68         76
        68        157
        68        160
        68        173
        68        219
        69         85
        69        108
        69        136
        69        168
        69        205
        69        207
        69        217
        69        219
        69        236
        69        238
        69        390
        70         92
        70        253
        70        255
        71         97
        71        111
        71        156
        71        192
        71        212
        71        245
        72        113
        72        149
        72        158
        72        230
        73        134
        73        179
        73        209
        74        106
        74        164
        74        174
        74        192
        74        214
        74        215
        74        217
        74        220
        74        224
        74        251
        74        255
        75        105
        75        182
        75        221
        75        231
        76         96
        76        106
        76        142
        76        157
        76        167
        76        182
        77         99
        77        130
        77        139
        77        144
        77        170
        77        222
        77        250
        77        251
        78         80
        78        140
        78        145
        78        205
        79         89
        79        121
        79        145
        79        152
        79        164
        79        204
        79        214
        79        250
        79        251
        79        324
        80        113
        80        137
        80        147
        80        148
        80        155
        80        158
        80        166
        80        197
        80        198
        80        237
        81         87
        81        101
        81        183
        81        227
        81        241
        82        120
        82        178
        83         89
        83        105
        83        112
        83        141
        83        222
        83        239
        83        249
        84        169
        84        205
        84        213
        84        236
        84        253
        85        154
        85        185
        85        212
        86        108
        86        141
        86        158
        86        164
        86        191
        86        228
        86        232
        86        240
        87        124
        87        177
        87        248
        88        117
        88        124
        88        132
        88        165
        88        196
        88        199
        88        248
        88        308
        89        178
        89        183
        89        249
        90        133
        90        164
        90        177
        90        180
        90        183
        91        132
        91        153
        91        203
        91        219
        91        411
        92         98
        92        193
        92        250
        93        103
        93        114
        93        118
        93        119
        93        123
        93        158
        93        197
        93        208
        93        219
        93        234
        94        100
        94        109
        94        164
        94        193
        94        196
        94        223
        95        126
        95        133
        95        139
        95        142
        95        166
        95        175
        95        201
        95        241
        95        255
        96         99
        96        102
        96        201
        96        202
        96        252
        97        158
        97        162
        97        167
        97        223
        98        119
        98        240
        99        122
        99        154
        99        212
        99        223
       100        190
       100        234
       100        245
       101        124
       101        143
       101        144
       101        203
       101        228
       102        165
       102        231
       102        240
       103        107
       103        185
       103        235
       103        244
       103        246
       104        111
       104        133
       104        186
       104        197
       105        184
       105        210
       105        228
       106        110
       106        167
       106        182
       106        185
       106        187
       106        222
       107        109
       107        181
       107        228
       108        111
       108        127
       108        143
       108        198
       108        203
       108        218
       108        228
       108        239
       108        249
       109        151
       109        155
       109        168
       109        190
       109        245
       110        121
       110        122
       110        153
       110        164
       110        251
       111        177
       111        206
       111        254
       112        205
       112        249
       113        118
       113        162
       113        184
       113        199
       113        220
       114        137
       114        156
       114        207
       114        252
       115        120
       115        144
       115        146
       115        169
       115        182
       115        191
       115        215
       116        134
       116        199
       116        213
       116        249
       117        120
       117        147
       117        154
       117        237
       118        143
       119        139
       119        209
       120        189
       120        201
       121        175
       121        206
       121        223
       122        192
       123        147
       123        174
       123        196
       123        216
       123        223
       123        255
       124        159
       124        163
       124        177
       125        158
       125        166
       125        175
       125        240
       125        250
       125        332
       126        143
       126        174
       126        188
       126        202
       126        251
       126        254
       127        143
       127        249
       128        159
       128        197
       128        252
       128        254
       129        164
       129        182
       129        228
       129        233
       130        162
       130        182
       130        189
       130        195
       130        241
       130        244
       131        135
       131        153
       131        157
       131        158
       131        179
       131        234
       132        184
       132        229
       132        236
       133        156
       133        213
       134        194
       134        239
       135        137
       135        168
       135        177
       135        209
       135        210
       135        226
       136        140
       136        215
       136        232
       136        250
       137        196
       137        248
       137        254
       138        167
       138        175
       138        184
       138        204
       138        208
       139        180
       140        162
       140        166
       140        169
       140        198
       140        204
       140        247
       141        159
       141        191
       142        152
       142        161
       142        166
       142        178
       142        192
       142        208
       143        151
       143        164
       143        166
       143        173
       143        199
       143        213
       143        218
       144        168
       144        171
       145        171
       145        212
       145        227
       146        238
       146        244
       147        156
       147        158
       148        150
       148        203
       148        228
       148        506
       149        190
       149        193
       149        206
       150        197
       150        247
       150        250
       151        225
       152        201
       153        162
       153        175
       153        203
       153        225
       154        158
       154        178
       154        206
       154        240
       154        246
       155        160
       155        176
       155        194
       155        217
       155        231
       155        239
       155        249
       156        168
       156        175
       156        186
       156        255
       156        332
       157        172
       158        183
       158        187
       158        199
       158        223
       158        234
       158        251
       159        165
       159        172
       159        179
       159        188
       159        210
       159        217
       159        218
       159        225
       159        228
       159        243
       160        174
       161        167
       161        204
       161        246
       162        166
       162        187
       162        240
       162        247
       163        166
       164        169
       164        186
       164        193
       164        201
       164        236
       164        370
       166        205
       166        216
       166        255
       167        220
       167        250
       168        233
       168        499
       169        170
       169        251
       170        229
       170        237
       171        212
       172        202
       172        222
       172        223
       172        242
       172        251
       173        193
       173        208
       173        225
       173        250
       174        202
       175        194
       175        235
       176        194
       176        198
       176        200
       176        246
       177        247
       178        203
       178        224
       179        188
       179        206
       179        216
       180        242
       181        202
       181        227
       184        199
       184        214
       184        215
       185        189
       185        194
       186        211
       186        239
       186        251
       187        197
       187        282
       187        433
       188        195
       188        201
       188        212
       189        214
       189        216
       189        221
       190        200
       190        210
       190        237
       191        209
       191        211
       191        224
       191        240
       191        248
       192        201
       192        226
       192        230
       192        232
       192        238
       192        244
       192        250
       193        208
       193        236
       194        199
       194        215
       194        222
       194        228
       194        240
       194        241
       195        208
       195        254
       197        230
       197        235
       197        254
       197        255
       199        204
       199        216
       199        250
       201        250
       202        224
       203        214
       204        219
       205        231
       206        212
       206        214
       206        217
       206        225
       209        244
       210        270
       211        235
       211        510
       212        251
       214        243
       217        250
       218        235
       219        237
       219        254
       221        225
       222        248
       222        251
       223        247
       226        252
       227        252
       227        254
       228        238
       228        241
       229        243
       233        250
       233        433
       236        281
       237        248
       237        350
       242        249
       244        427
       245        502
       256        262
       256        300
       256        308
       256        329
       256        360
       256        420
       256        427
       256        432
       256        448
       257        345
       257        375
       257        407
       257        421
       257        459
       258        285
       258        371
       258        395
       258        405
       258        447
       258        477
       258        497
       258        500
       259        385
       259        387
       259        425
       259        447
       260        269
       260        300
       260        302
       260        306
       260        383
       260        401
       260        465
       260        480
       260        490
       261        263
       261        292
       261        329
       261        356
       261        397
       261        398
       261        450
       261        481
       261        482
       261        501
       262        271
       262        273
       262        410
       262        444
       262        491
       263        295
       263        299
       263        369
       263        434
       263        454
       263        493
       264        294
       264        452
       264        460
       264        483
       265        269
       265        278
       265        308
       265        357
       265        426
       266        267
       266        286
       266        307
       266        480
       266        500
       266        510
       267        330
       267        342
       267        417
       267        463
       267        476
       267        483
       267        484
       267        506
       268        326
       268        331
       268        345
       268        369
       268        415
       268        416
       268        418
       268        462
       269        319
       269        395
       269        404
       269        405
       269        440
       269        467
       269        473
       270        359
       270        402
       270        405
       270        419
       270        420
       271        300
       271        301
       271        380
       271        394
       271        496
       271        499
       271        504
       272        294
       272        332
       272        375
       272        377
       272        383
       272        388
       272        473
       272        510
       273        285
       273        302
       273        437
       273        442
       273        467
       273        469
       273        474
       273        480
       273        503
       273        504
       273        507
       273        511
       274        310
       274        316
       274        324
       274        401
       274        459
       274        481
       274        494
       275        320
       275        393
       275        405
       275        415
       276        283
       276        348
       276        350
       276        356
       276        398
       276        408
       276        419
       276        464
       276        510
       277        327
       277        366
       277        383
       277        441
       278        281
       278        341
       278        354
       278        414
       278        437
       278        446
       278        458
       279        300
       279        309
       279        350
       279        372
       279        379
       279        384
       279        421
       279        468
       279        494
       279        507
       280        331
       280        447
       280        490
       281        339
       281        369
       281        393
       281        403
       281        464
       281        468
       282        304
       282        310
       282        318
       282        336
       282        337
       282        373
       282        396
       282        448
       282        469
       282        484
       283        325
       283        384
       283        405
       283        430
       283        465
       283        466
       284        303
       284        324
       284        341
       284        360
       284        364
       284        404
       284        407
       284        412
       284        414
       284        474
       285        287
       285        308
       285        335
       285        371
       285        426
       285        434
       285        446
       285        471
       285        493
       286        470
       286        500
       286        509
       286        511
       287        301
       287        337
       287        340
       287        396
       287        475
       287        477
       287        511
       288        305
       288        347
       288        361
       288        428
       288        440
       288        501
       288        508
       289        296
       289        311
       289        339
       289        358
       289        367
       289        385
       289        410
       289        429
       289        434
       289        438
       289        493
       289        505
       289        507
       290        334
       290        353
       290        396
       290        399
       290        460
       291        304
       291        375
       291        376
       291        395
       291        414
       291        446
       291        469
       292        335
       292        358
       292        383
       292        385
       292        414
       293        326
       293        363
       293        394
       293        406
       293        470
       293        474
       293        475
       293        484
       294        297
       294        306
       294        351
       294        362
       294        363
       294        389
       294        397
       295        409
       295        427
       295        484
       296        310
       296        323
       296        332
       296        351
       296        404
       296        406
       296        435
       296        439
       296        464
       296        478
       296        511
       297        316
       297        332
       297        357
       297        395
       297        410
       297        507
       298        337
       298        398
       298        402
       298        466
       299        323
       299        334
       299        357
       299        494
       300        303
       300        326
       300        344
       300        350
       300        364
       300        373
       300        401
       300        489
       300        490
       300        495
       301        302
       301        329
       301        331
       301        347
       301        369
       301        431
       302        308
       302        309
       302        320
       302        369
       302        372
       302        379
       302        381
       302        444
       302        453
       302        466
       303        387
       303        388
       303        475
       303        493
       303        496
       304        330
       304        383
       304        469
       304        484
       304        487
       305        429
       306        315
       306        322
       306        396
       306        410
       306        431
       306        457
       306        466
       306        469
       307        318
       307        381
       307        384
       307        430
       307        435
       307        440
       307        453
       307        470
       307        506
       308        341
       308        376
       308        411
       308        432
       308        468
       308        476
       308        508
       309        316
       309        322
       309        342
       309        348
       309        363
       309        397
       309        440
       309        505
       309        507
       310        371
       310        396
       310        466
       310        476
       311        345
       311        388
       311        407
       311        429
       311        467
       312        332
       312        343
       312        368
       312        450
       312        485
       312        508
       312        511
       313        338
       313        348
       313        365
       313        370
       313        385
       313        400
       313        443
       313        495
       314        391
       314        448
       314        455
       314        479
       314        506
       315        328
       315        397
       315        426
       315        427
       315        441
       315        451
       315        476
       316        344
       316        353
       316        381
       316        383
       316        388
       316        403
       316        409
       316        457
       316        471
       316        490
       316        509
       316        511
       317        348
       317        399
       317        434
       317        441
       317        464
       317        491
       318        325
       318        349
       318        372
       318        379
       318        393
       318        404
       318        416
       318        431
       318        466
       318        503
       319        352
       319        374
       319        383
       319        424
       319        434
       319        440
       319        449
       319        510
       320        322
       320        371
       320        386
       320        416
       320        472
       320        476
       321        328
       321        350
       321        359
       321        377
       321        418
       321        423
       321        446
       322        355
       322        407
       322        416
       322        433
       322        446
       323        327
       323        362
       323        391
       323        392
       323        404
       323        408
       324        334
       324        371
       324        372
       324        407
       324        433
       324        490
       324        491
       324        496
       325        375
       325        424
       326        404
       326        469
       326        491
       326        510
       327        391
       327        475
       327        476
       327        482
       327        502
       328        345
       328        349
       328        432
       329        358
       329        364
       329        387
       329        397
       329        488
       329        497
       330        354
       330        374
       330        396
       330        430
       330        451
       330        456
       331        334
       331        336
       331        344
       331        400
       331        404
       331        405
       331        406
       331        476
       332        387
       332        413
       332        471
       332        476
       333        344
       333        402
       333        414
       333        426
       333        452
       333        479
       333        489
       334        358
       334        392
       334        440
       334        473
       334        477
       334        478
       334        507
       335        339
       335        363
       335        393
       335        439
       335        448
       335        486
       336        341
       336        377
       336        396
       336        403
       336        452
       336        456
       336        463
       336        499
       336        511
       337        431
       337        495
       338        372
       338        401
       338        469
       339        343
       339        377
       339        434
       339        449
       339        450
       339        484
       339        490
       339        502
       340        343
       340        350
       340        389
       340        393
       340        400
       340        404
       340        508
       341        376
       341        381
       341        401
       341        418
       341        422
       341        474
       341        490
       341        502
       342        392
       342        422
       343        360
       343        417
       343        430
       343        451
       343        454
       343        482
       343        509
       344        371
       344        391
       344        436
       344        446
       344        475
       344        492
       345        371
       345        414
       345        430
       345        441
       345        496
       346        358
       346        421
       346        427
       346        440
       346        445
       346        497
       346        508
       347        360
       347        399
       347        468
       347        499
       348        365
       348        404
       348        447
       348        503
       349        378
       349        452
       349        504
       350        358
       350        360
       350        372
       350        420
       350        483
       350        499
       351        469
       351        480
       351        491
       351        508
       352        359
       352        362
       352        416
       352        427
       352        483
       352        493
       353        412
       353        456
       353        505
       354        369
       354        388
       354        418
       354        501
       354        508
       355        362
       355        425
       355        432
       355        446
       355        469
       355        477
       356        362
       356        370
       356        387
       356        406
       356        410
       356        498
       358        474
       358        476
       358        484
       358        501
       359        429
       359        461
       359        505
       360        469
       360        498
       360        499
       360        504
       361        445
       361        468
       361        504
       362        413
       362        462
       362        484
       362        485
       362        504
       363        372
       363        421
       363        435
       363        442
       363        451
       363        480
       363        502
       364        369
       364        438
       364        447
       364        478
       364        489
       364        490
       365        375
       365        381
       365        414
       365        457
       365        461
       365        481
       366        379
       366        418
       366        458
       367        371
       367        393
       367        462
       368        382
       368        448
       368        465
       368        475
       368        493
       369        407
       369        427
       369        440
       369        443
       369        458
       369        460
       369        463
       369        505
       370        380
       370        405
       370        425
       370        500
       371        408
       371        428
       371        430
       371        435
       371        440
       371        458
       371        482
       372        391
       372        416
       372        428
       372        434
       372        458
       372        481
       373        431
       373        469
       375        484
       377        380
       377        396
       377        426
       377        487
       378        386
       378        387
       378        391
       378        441
       378        488
       379        385
       379        426
       379        438
       379        441
       379        442
       379        447
       379        463
       379        493
       379        510
       380        433
       380        448
       381        421
       381        429
       381        442
       381        447
       381        460
       381        500
       383        493
       383        494
       383        504
       384        391
       384        392
       384        431
       384        494
       385        412
       385        468
       385        505
       386        390
       386        399
       386        413
       386        442
       386        459
       387        499
       388        405
       388        443
       389        431
       389        448
       389        456
       389        475
       389        502
       390        397
       391        396
       391        480
       392        438
       392        480
       392        491
       393        412
       393        452
       393        484
       393        503
       394        422
       394        458
       394        459
       394        485
       394        497
       394        504
       395        443
       395        456
       395        474
       396        424
       396        449
       397        462
       398        409
       398        424
       398        457
       398        458
       398        469
       399        413
       399        425
       399        436
       400        416
       400        434
       400        462
       400        465
       400        492
       401        402
       401        436
       401        440
       401        451
       402        497
       402        500
       402        501
       402        505
       403        474
       404        504
       404        506
       405        419
       405        425
       405        448
       405        505
       406        446
       406        466
       408        422
       408        479
       408        491
       408        502
       410        436
       410        438
       410        439
       410        486
       411        415
       411        425
       411        432
       411        441
       411        452
       411        473
       411        481
       412        492
       412        500
       413        474
       413        505
       414        477
       414        508
       415        418
       416        428
       416        435
       416        459
       416        472
       416        491
       417        427
       417        431
       417        469
       417        470
       417        471
       417        511
       418        498
       419        511
       420        434
       420        486
       421        423
       421        438
       421        448
       421        463
       421        471
       422        447
       422        459
       422        481
       422        494
       423        432
       423        439
       423        452
       424        435
       424        477
       425        454
       425        489
       426        465
       426        497
       426        499
       427        428
       427        460
       427        510
       428        454
       428        510
       429        463
       429        464
       429        492
       430        461
       430        476
       431        435
       431        465
       431        476
       431        477
       432        464
       434        460
       435        462
       435        463
       435        466
       435        468
       435        482
       435        501
       436        491
       436        505
       437        448
       437        461
       437        478
       437        489
       439        484
       439        503
       440        466
       440        498
       441        458
       441        464
       442        484
       442        488
       443        459
       443        460
       443        465
       443        468
       443        469
       444        496
       445        452
       445        465
       445        469
       445        487
       446        490
       446        494
       448        470
       448        493
       448        500
       449        457
       449        470
       449        489
       449        492
       449        493
       450        477
       450        501
       450        510
       451        474
       451        486
       451        487
       452        461
       453        481
       453        484
       453        511
       454        472
       454        479
       454        486
       454        498
       455        478
       456        462
       456        485
       457        491
       457        496
       458        498
       459        465
       459        469
       459        481
       459        507
       460        498
       462        467
       462        479
       463        467
       463        470
       463        503
       464        467
       464        507
       465        480
       466        506
       467        493
       468        496
       469        490
       469        492
       469        510
       470        482
       471        480
       473        485
       473        510
       474        494
       476        482
       476        493
       476        502
       477        481
       480        503
       481        508
       483        508
       484        491
       488        505
       489        492
       494        506
       495        497
       496        499
       496        506
       500        505
       501        509
